K>> [(1:20)' sTime(1:20,1:2) ts(1:20) bins(1:20)]

ans =

    1.0000         0         0    6.7649    1.0000
    2.0000    7.8217    3.0000    6.7917    1.0000
    3.0000   11.4873    4.0000    8.1015    2.0000
    4.0000   13.0517    5.0000    9.3976    2.0000
    5.0000   13.4307   10.0000   16.4411    6.0000
    6.0000   14.6301         0   16.4855    6.0000
    7.0000   17.7363   10.0000   16.5127    6.0000
    8.0000   20.1706   15.0000   16.5400    6.0000
    9.0000   20.6568   14.0000   16.8922    6.0000
   10.0000   22.4139   13.0000   16.9383    6.0000
   11.0000   23.2399    8.0000   16.9773    6.0000
   12.0000   24.7481    3.0000   20.0884    7.0000
   13.0000   25.1576    2.0000   20.1300    7.0000
   14.0000   26.9855         0   27.1569   14.0000
   15.0000   30.0590    2.0000   27.2030   14.0000
   16.0000   31.8971    3.0000   27.2069   14.0000
   17.0000   33.3293    8.0000   27.2170   14.0000
   18.0000   35.0463   13.0000   27.2318   14.0000
   19.0000   35.5154   14.0000   32.8565   16.0000
   20.0000   36.0844         0   33.7942   17.0000
   
K>> sortedGPindinfo

sortedGPindinfo =

           1         450         487          38
           2         488         614         127
           3         615         702          88
           4         703         724          22
           5         725         746          22
           6         747         781          35
           8         782         849          68
          10         850        1004         155
          11        1005        1115         111
          12        1116        1291         176
          13        1292        1515         224
          14        1516        1699         184
          15        1700        1847         148
          16        1848        1957         110
          18        1958        2044          87
          20        2045        2106          62
          21        2107        2134          28
          22        2135        2160          26
          23        2161        2269         109
          24        2270        2437         168
          25        2438        2499          62
          
K>> um.data.sortedGPindices(615:625)

ans =

     2
    12
    16
    24
    28
    52
    56
   110
   160
   188
   248
   
K>> spike_index(1:20)

ans =

     1
     1
   615
   615
     2
     2
     2
     2
     2
     2
     2
   851
   851
     3
     3
     3
     3
     3
   617
   783
   
K>> um.data.gp2ind(spike_gridposition(1:20))'

ans =

     3
     3
     8
     8
     3
     7
    15
    15
    15
    15
    15
    15
    15
    15
    15
    15
    15
    15
    15
    20
    
K>> sortedGPindinfo(um.data.gp2ind(spike_gridposition(1:20)),2)

ans =

         615
         615
         850
         850
         615
         782
        1958
        1958
        1958
        1958
        1958
        1958
        1958
        1958
        1958
        1958
        1958
        1958
        1958
        2270
        
K>> [spidx2(1:20) sortedGPindinfo(um.data.gp2ind(spike_gridposition(1:20)),2) spike_gridposition(1:20) rep_num(1:20)]

ans =

         615         615           3           1
         615         615           3           1
         851         850          10           2
         851         850          10           2
         617         615           3           3
         783         782           8           2
        1958        1958          18           1
        1958        1958          18           1
        1958        1958          18           1
        1958        1958          18           1
        1958        1958          18           1
        1958        1958          18           1
        1958        1958          18           1
        1958        1958          18           1
        1958        1958          18           1
        1958        1958          18           1
        1958        1958          18           1
        1958        1958          18           1
        1958        1958          18           1
        2270        2270          24           1
        
